x=[2.072055718	0.405896269		1.658237704		1.679745074	1.509305709	1.400776953	1.384627602	11.64147848	1.947219429	160.0701264	57.03938673	1.18547681
1.759080475	0.380930762		1.377272941		1.543329415	1.411495457	1.311900762	1.301257655	8.849168075	1.132478305	33.60960902	35.08416975	1.030139475
1.675382027	0.374846884		1.327696405		1.488311179	1.379401556	1.300731826	1.290760041	5.213427202	1.506318239	27.65238577	22.71807867	1.054516345
0.027386399	0.326678868		0.395444597		0.021717042	0.020643593	0.013200865	0.016679601	0.03709847	0.60664738	0.558618788	0.3128661	1.006687053
1.299905039	0.351952996		0.811683669		1.116883302	1.08833581	1.124768289	1.124716748	2.034744894	0.867279846	7.056943381	10.65612692	1.118327874
1.652503177	0.420337362		0.524765079		1.467179779	1.369779462	1.293338745	1.283808722	9.37992204	1.348402315	33.60960902	13.90844243	0.397816611
1.51216321	0.412104778		0.57001957		1.253628367	1.189638822	1.191874227	1.188190099	2.985706648	0.837250828	12.67095047	6.373221199	0.474114022
0.992320852	0.356679504		0.498792757		0.930476964	0.88042525	0.83466657	0.847835391	2.468773458	0.830255679	3.930285262	4.951858816	0.442767026
1.24737484	0.43489196		0.357101728		1.016069793	0.958533995	0.960671316	0.968633682	3.324879563	1.006972618	7.056943381	4.304121382	0.31742305
1.255195347	0.362135203		2.04207289		1.127995361	1.112544518	1.098369765	1.099693191	2.35180108	0.700823239	8.577238503	19.29037033	2.126722257
1.039293562	0.404405316		1.989026682		0.863416609	0.900009239	0.988444335	0.995143057	1.577017574	0.768580802	2.660494503	3.439303653	2.016224315
0.895647118	0.54084765		1.97319768		0.858680853	0.908145882	1.033578496	1.038140595	1.439244685	0.577833463	3.233651548	4.837499836	1.182128278
1.252061277	0.411158026		1.4133396		1.06528465	1.07320527	1.108853999	1.109635102	2.681132961	0.327158152	2.660494503	3.147101985	0.769274607
1.544640528	0.598722149		4.329687699		1.462346066	1.461772514	1.552128243	1.525971451	5.991761556	0.80420298	10.42505464	30.78125881	2.612292017
0.933365148	2.000950571		2.7419118		1.025050665	1.201594891	1.51426027	1.490678259	1.704376665	0.478029143	4.776996534	12.84628963	1.745698197
0.911458892	0.384097963		0.587426243		0.801189357	0.749499034	0.694840504	0.712647211	0.237514988	1.029180054	0.029933172	0.019675207	0.434755728
1.124446838	0.399413664		0.687595476		1.055951272	0.986738469	0.916106229	0.926011361	0.405770907	0.750735731	0.096502343	0.055262375	0.44114519
1.737228826	0.38268708		0.326594942		1.560399753	1.437132415	1.340881253	1.32847441	1.882699124	1.444435259	0.142560616	0.087360768	0.245491756
0.650373292	0.813346837		0.44204014		1.292840894	1.364311287	1.344708215	1.332066138	3.766022677	1.308284087	0.558618788	0.378936371	0.514310787
0.975106303	1.136351115		1.05557476		1.067630856	1.218535527	1.473111822	1.452274901	2.183116519	0.772459593	0.558618788	0.408354759	0.916809116
0.616338604	0.879908242		0.407903527		0.988508577	1.092697872	1.144167215	1.143085544	0.399904885	0.581724926	0.255971801	0.166487512	0.426371208
0.594396434	1.780300825		0.906898642		0.738556289	0.837486404	0.900573991	0.911130834	1.356708373	1.102478053	1.00301655	0.763809417	0.72055406
0.635903291	2.189738988		0.978646695		0.824434189	1.021885806	1.181727143	1.178604633	0.786466974	0.746966024	1.481732497	1.590779304	0.974346132
0.665172559	1.799236401		0.313509823		0.859625921	1.046707737	1.258193609	1.250734807	0.874392825	1.08777728	2.660494503	3.103290576	0.426065851
0.158585915	0.413433894		0.784307132		0.18449038	0.174758501	0.153858343	0.170833005	0.051481408	0.438086202	0.013716058	0.00783639	1.024849689
0.461760563	0.775352397		1.182730105		0.586221274	0.764639919	0.997879301	1.004139769	2.646652018	0.642264171	2.188928181	1.253451598	1.0422092
0.568241494	1.903972233		1.200088632		0.856793831	1.060403769	1.199826603	1.195699326	1.1766571	0.884920402	3.233651548	5.237472447	1.842707873
1.141440676	1.645628459		0.301940716		1.443169939	1.450124986	1.412804942	1.395888631	1.229199878	0.883436751	1.00301655	0.882872948	0.516405693
0.896767377	0.66953111		0.623264317		0.932526267	0.968167422	1.02868064	1.033479458	4.700577868	0.913587997	12.67095047	4.928772763	0.901706722
1.236507922	1.290774406		0.372356115		1.43683394	1.512327341	1.612244083	1.581907226	2.547907545	1.346141593	3.233651548	4.951858816	0.669573429
1.138590638	1.662366772		0.437081944		1.491589068	1.538256681	1.572909437	1.545320333	3.478974101	1.196956902	3.233651548	4.928772763	0.711138431
1.099429287	2.065479397		0.802579322		1.447940266	1.507797158	1.52871429	1.504154918	1.805140543	0.886406545	4.776996534	7.470687461	1.226924609
0.56895224	0.877886779		0.363366037		0.660169962	0.670755728	0.595726892	0.615962757	0.141753372	0.564417203	0.255971801	0.157408495	0.321770638
1.23960306	0.854381343		0.1284193		1.26470898	1.26573091	1.222841255	1.217416784	0.657176568	1.392084719	0.558618788	0.492284255	0.127915836
1.458328935	0.915415108		0.349628336		1.374983925	1.361585392	1.326942003	1.315387401	0.642457541	0.955930967	0.825234252	0.891162957	0.279728401
0.573235424	1.106434135		0.954121187		1.010496749	1.183705473	1.284766576	1.275746151	0.375146168	0.690318925	1.00301655	1.87344508	0.810201906
1.141440676	0.763320222		0.332793006		1.146761681	1.159106848	1.196411966	1.192475292	0.468998575	1.213133184	0.17327281	0.789207521	0.313721477
0.624091189	0.884371861		0.451276707		0.795918918	0.968167422	1.191874227	1.188190099	0.771344218	0.540322239	1.00301655	1.590779304	0.391106832
0.981219803	0.893367144		0.803334101		1.368947286	1.393264772	1.395464101	1.379651904	1.864510313	1.089604102	1.800945868	2.852937099	0.609630217
0.795361314	0.696548644		1.263765068		1.167123343	1.268264905	1.272619086	1.264315949	0.297897876	0.427197186	1.481732497	1.236002059	1.286068629
1.037995257	0.848116181		0.357941904		1.135464752	1.180159678	1.180605035	1.177544366	0.656645127	1.058961193	0.558618788	0.259525588	0.315563223
0.524553012	1.985364159		1.460611837		0.86057203	1.007679084	1.066494444	1.069435805	0.265353721	0.314244612	0.17327281	0.115633569	1.428777834
0.909183091	0.993980543		0.729201933		1.214268746	1.277173905	1.328203197	1.316571783	0.455168068	0.743215245	0.558618788	0.373661125	0.618607319
0.758464879	0.89295629		0.166379395		0.989596535	1.10257654	1.186226249	1.182855256	0.237899599	0.540322239	0.142560616	0.101451647	0.187800952
0.800347889	0.593512118		0.975432238		0.765858418	0.744270861	0.71018985	0.727552749	0.645061545	1.020581355	0.255971801	0.188876111	0.77834506
1.03540351	0.656116019		1.641179867		1.302834194	1.348037391	1.330729182	1.318943746	0.663587506	1.159397439	1.481732497	0.732352023	1.556713806
0.587746948	0.569704401		1.649686739		0.526313646	0.518741159	0.414814872	0.437154423	0.104405957	0.307980263	0.142560616	0.09370404	2.407625139
1.293421736	0.81409546		0.387715062		1.120575105	1.021885806	0.916106229	0.926011361	0.563998578	1.138193574	0.825234252	0.834727483	0.390842367
1.081707937	0.932843671		1.123136721		1.039814197	1.032155929	1.008361815	1.014130124	1.033795987	0.826086674	1.481732497	1.54679651	1.001596019
0.936871838	0.671381569		0.931960744		0.770082244	0.816808791	0.957937301	0.966021898	3.111470524	0.771164492	0.459604937	0.340321005	0.66827951
1.38547247	0.916257677		1.087808818		1.661369131	1.648143907	1.626087868	1.594772709	0.4844236	0.692639527	1.00301655	0.767387051	1.010533684
1.56798478	1.256791887		0.176115617		1.467179779	1.397450842	1.326942003	1.315387401	6.289775961	2.830904923	2.188928181	1.838751897	0.166750774
1.673289108	0.760166609		0.38228664		1.381047184	1.256901732	1.16058832	1.158621833	0.806440187	1.073272531	0.142560616	0.096819876	0.341246779
0.749979966	0.350982945		0.815890939		0.647227153	0.602088852	0.558990416	0.579917877	0.15965444	0.383053896	0.096502343	0.058998635	0.82191392
0.497102625	0.486101589		0.402003459		0.494327039	0.499898476	0.482452431	0.504408524	0.184980374	0.395463186	0.079397532	0.046924377	0.418252628
