  x1=[ 

2.072055718
1.759080475
1.675382027
0.027386399
1.299905039
1.652503177
1.51216321
0.992320852
1.24737484
1.255195347
1.039293562
0.895647118
1.252061277
1.544640528
0.933365148
0.911458892
1.124446838
1.737228826
0.650373292
0.975106303
0.616338604
0.594396434
0.635903291
0.665172559
0.158585915
0.461760563
0.568241494
1.141440676
0.896767377
1.236507922
1.138590638
1.099429287
0.56895224
1.23960306
1.458328935
0.573235424
1.141440676
0.624091189
0.981219803
0.795361314
1.037995257
0.524553012
0.909183091
0.758464879
0.800347889
1.03540351
0.587746948
1.293421736
1.081707937
0.936871838
1.38547247
1.56798478
1.673289108
0.749979966
0.497102625
0.51803691
0.520633581
0.289323805
0.440890477
0.186335068
0.800347889
0.343795325
0.772820256
0.403952176
0.24378739
0.050151403
0.359619488
0.20800175
0.101625704
0.977547119
0.22420179
1.009839306
0.861604625
1.165955841
1.735058647
0.460607603
0.592912299
0.387143914
1.012367063
];
x2=[ 
0.405896269
0.380930762
0.374846884
0.326678868
0.351952996
0.420337362
0.412104778
0.356679504
0.43489196
0.362135203
0.404405316
0.54084765
0.411158026
0.598722149
2.000950571
0.384097963
0.399413664
0.38268708
0.813346837
1.136351115
0.879908242
1.780300825
2.189738988
1.799236401
0.413433894
0.775352397
1.903972233
1.645628459
0.66953111
1.290774406
1.662366772
2.065479397
0.877886779
0.854381343
0.915415108
1.106434135
0.763320222
0.884371861
0.893367144
0.696548644
0.848116181
1.985364159
0.993980543
0.89295629
0.593512118
0.656116019
0.569704401
0.81409546
0.932843671
0.671381569
0.916257677
1.256791887
0.760166609
0.350982945
0.486101589
0.765782075
1.013370955
0.492629629
0.83687744
0.555982952
0.564227552
0.776423122
0.636495681
0.450986602
0.598171578
0.496497095
0.316181885
0.45410917
0.430909302
0.593239165
0.33876872
0.49741149
0.383568273
0.388183293
0.924300867
2.184708375
1.910112905
0.559060464
1.300309552
];
x3=[ 

1.658237704
1.377272941
1.327696405
0.395444597
0.811683669
0.524765079
0.57001957
0.498792757
0.357101728
2.04207289
1.989026682
1.97319768
1.4133396
4.329687699
2.7419118
0.587426243
0.687595476
0.326594942
0.44204014
1.05557476
0.407903527
0.906898642
0.978646695
0.313509823
0.784307132
1.182730105
1.200088632
0.301940716
0.623264317
0.372356115
0.437081944
0.802579322
0.363366037
0.1284193
0.349628336
0.954121187
0.332793006
0.451276707
0.803334101
1.263765068
0.357941904
1.460611837
0.729201933
0.166379395
0.975432238
1.641179867
1.649686739
0.387715062
1.123136721
0.931960744
1.087808818
0.176115617
0.38228664
0.815890939
0.402003459
0.232177158
0.620341848
1.76686257
0.248668502
0.516688766
0.687595476
1.145527712
0.494358367
0.6045115
0.654486326
0.569484003
0.571360691
0.27330563
2.220262461
0.322628238
0.964944603
0.496920818
0.944306403
0.695722374
0.834114509
1.240811268
1.11472241
1.130551328
0.987889346
];
x4=[ 

1.679745074
1.543329415
1.488311179
0.021717042
1.116883302
1.467179779
1.253628367
0.930476964
1.016069793
1.127995361
0.863416609
0.858680853
1.06528465
1.462346066
1.025050665
0.801189357
1.055951272
1.560399753
1.292840894
1.067630856
0.988508577
0.738556289
0.824434189
0.859625921
0.18449038
0.586221274
0.856793831
1.443169939
0.932526267
1.43683394
1.491589068
1.447940266
0.660169962
1.26470898
1.374983925
1.010496749
1.146761681
0.795918918
1.368947286
1.167123343
1.135464752
0.86057203
1.214268746
0.989596535
0.765858418
1.302834194
0.526313646
1.120575105
1.039814197
0.770082244
1.661369131
1.467179779
1.381047184
0.647227153
0.494327039
0.365694147
0.54039336
0.22963643
0.493783578
0.225878517
0.750018085
0.301659024
0.750018085
0.293799429
0.16382476
0.078657054
0.24530377
0.223407469
0.047058773
0.776888873
0.106207775
0.913238725
0.776034765
0.719313525
1.550135026
0.422841464
0.582364954
0.402863308
0.916257391
];
x5=[ 

1.509305709
1.411495457
1.379401556
0.020643593
1.08833581
1.369779462
1.189638822
0.88042525
0.958533995
1.112544518
0.900009239
0.908145882
1.07320527
1.461772514
1.201594891
0.749499034
0.986738469
1.437132415
1.364311287
1.218535527
1.092697872
0.837486404
1.021885806
1.046707737
0.174758501
0.764639919
1.060403769
1.450124986
0.968167422
1.512327341
1.538256681
1.507797158
0.670755728
1.26573091
1.361585392
1.183705473
1.159106848
0.968167422
1.393264772
1.268264905
1.180159678
1.007679084
1.277173905
1.10257654
0.744270861
1.348037391
0.518741159
1.021885806
1.032155929
0.816808791
1.648143907
1.397450842
1.256901732
0.602088852
0.499898476
0.342203308
0.505933394
0.24601808
0.497405222
0.226423022
0.726621006
0.290442328
0.738340447
0.238031979
0.118203182
0.056059018
0.219073005
0.229844968
0.044009478
0.698828268
0.096873406
0.848444802
0.68021235
0.635495512
1.422832709
0.498899678
0.574445386
0.357239001
0.862991662
];
x6=[ 

1.404774861
1.321909192
1.299496717
0.017093227
1.098369765
1.288433384
1.179483993
0.846645718
0.949781851
1.068522709
0.928371827
1.003583454
1.058419808
1.515699501
1.44264329
0.720382505
0.93812418
1.344708215
1.343431349
1.411463415
1.130123647
0.899718852
1.155088598
1.217046533
0.179115765
0.946179529
1.177245101
1.40878418
1.008361815
1.575900806
1.549181999
1.509950772
0.628874886
1.207832039
1.289657977
1.265385791
1.1873537
1.146343199
1.379646144
1.239213679
1.183974559
1.061440607
1.30568401
1.171666447
0.721067194
1.328203197
0.46182329
0.93102146
0.991265419
0.90830691
1.607655729
1.316895469
1.178364016
0.578988333
0.494047827
0.311650488
0.489841725
0.264167224
0.485210263
0.215364583
0.702807008
0.267195962
0.715607855
0.223281281
0.10652528
0.060357326
0.193075698
0.207137397
0.042469337
0.674675833
0.115484039
0.816626907
0.65261171
0.603129738
1.330729182
0.517589433
0.562185759
0.350945987
0.826774783
];
x7=[ 

1.384627602
1.301257655
1.290760041
0.016679601
1.124716748
1.283808722
1.188190099
0.847835391
0.968633682
1.099693191
0.995143057
1.038140595
1.109635102
1.525971451
1.490678259
0.712647211
0.926011361
1.32847441
1.332066138
1.452274901
1.143085544
0.911130834
1.178604633
1.250734807
0.170833005
1.004139769
1.195699326
1.395888631
1.033479458
1.581907226
1.545320333
1.504154918
0.615962757
1.217416784
1.315387401
1.275746151
1.192475292
1.188190099
1.379651904
1.264315949
1.177544366
1.069435805
1.316571783
1.182855256
0.727552749
1.318943746
0.437154423
0.926011361
1.014130124
0.966021898
1.594772709
1.315387401
1.158621833
0.579917877
0.504408524
0.30636785
0.473185033
0.283549441
0.484824274
0.214130684
0.704992034
0.257981146
0.727552749
0.233244324
0.108438859
0.051146113
0.205261854
0.207490697
0.049027752
0.669737941
0.123221864
0.810528499
0.624334638
0.602800625
1.30712651
0.542065316
0.568548432
0.327172156
0.821544827
];
x8=[ 

11.64147848
8.849168075
5.213427202
0.03709847
2.034744894
9.37992204
2.985706648
2.468773458
3.324879563
2.35180108
1.577017574
1.439244685
2.681132961
5.991761556
1.704376665
0.237514988
0.405770907
1.882699124
3.766022677
2.183116519
0.399904885
1.356708373
0.786466974
0.874392825
0.051481408
2.646652018
1.1766571
1.229199878
4.700577868
2.547907545
3.478974101
1.805140543
0.141753372
0.657176568
0.642457541
0.375146168
0.468998575
0.771344218
1.864510313
0.297897876
0.656645127
0.265353721
0.455168068
0.237899599
0.645061545
0.663587506
0.104405957
0.563998578
1.033795987
3.111470524
0.4844236
6.289775961
0.806440187
0.15965444
0.184980374
0.526092857
0.311704222
0.072371294
0.506464752
0.324833821
0.304230224
0.337422796
0.299347388
0.717758909
0.4979331
0.220300766
0.217291709
0.356505166
0.117685843
0.796068893
0.075358726
0.156964981
0.189985306
0.128534806
0.270337379
0.196869826
0.160171919
0.081774768
0.081642563
];
y=[ 
 
27.28
17.67
13.59
0.75
8.51
4.57
3
3.17
2.59
22.18
7.68
5.48
3.04
42.31
14.03
0.01
0.02
0.04
0.41
0.73
0.12
1.57
2.67
3.55
0.01
2.18
8.53
0.77
7.21
3.5
3.84
7.56
0.15
0.44
0.98
2.16
1
2.05
3.01
1.89
0.2
0.2
0.38
0.06
0.24
1.7
0.23
1.38
3.16
0.49
1.12
2.08
0.05
0.04
0.02
0.92
1.55
0.05
3.04
0.22
0.46
1.95
0.12
0.31
0.24
0.11
0.08
0.03
0.08
0.04
0.04
0.34
0.19
0.1
1.01
2.06
0.75
0.25
0.83
];
