x1=[12.6670322	9.84093731	14.5972289
13.0501106	10.24227013	15.34634352
13.3835584	10.70818215	15.89919948
13.4682297	11.07164196	16.04340014
12.3066492	11.18095571	13.49984626
11.7415088	10.75083133	11.38733262
11.6193028	10.60310641	10.75638966
11.6770389	10.25626229	11.76579428
11.7199357	9.98159888	12.8402714
11.7225544	9.92085407	13.26506468
11.8053552	10.14641038	14.40929952
12.0942851	10.53509644	15.14227616
12.8876265	11.43415999	16.1173225
13.4698508	12.33127271	16.64206714
13.9425885	13.47977342	17.01584358
14.5002469	15.1274848	17.57598766
15.6961199	18.40817543	19.4802693
15.9145943	18.12510327	20.64168328
9.219576	8.21172518	8.6626169
8.7100518	7.90295588	8.83024366
8.3924409	7.7176943	8.92134516
8.3207384	7.59210121	8.95882692
8.3423115	7.547689556	9.06710756
8.4448149	7.63199232	9.2873129
8.6111647	7.94022346	9.68868008
8.9259075	8.48679221	10.46017964
9.6732346	9.11273956	11.93758568
9.9722652	9.93498077	12.7882134
10.179766	10.51673173	13.15730462
10.3441206	10.87494448	13.36137198
10.4725616	11.16608904	13.501408
10.5443888	11.37482785	13.501408
10.5057318	11.36467008	13.18073072
10.4159478	11.28428243	12.59611938
9.9776273	10.75668382	10.66372642
7.216894	7.224699378	6.9915551
6.876463	6.763772065	6.37414722
5.9741338	5.100494407	3.45109052
8.4145128	9.43785547	8.92863328
9.6779732	10.99562686	11.27176386
10.5726957	11.35175424	12.07814228
10.8114962	11.22333581	12.199958
10.8744697	10.95748477	12.199958
10.9211075	10.63290702	12.21765772
10.9418077	10.33160469	12.2468102
10.8976639	9.97641909	12.34936446
10.7818176	10.05848849	12.44098654
10.6456452	10.26150935	12.460248
10.4200629	10.732063	12.22702816
10.3666913	10.83007539	11.98443788
10.2685524	10.92284072	11.41752626
10.0243898	10.47852237	10.27693548
9.7660114	9.69967031	9.9666698
9.1598447	9.23618001	10.10254118
8.796843	8.7401983	10.18114876
8.5003064	7.93558183	10.221754
8.4324696	7.64746442	10.221754
8.4137646	7.437481115	10.221754
8.6058026	7.557443706	10.40864222
9.0548473	8.04213751	10.92037236
9.8594117	9.19117638	11.96257352
10.3695594	10.06629181	12.78456934
10.8363115	10.92660784	13.66591128
11.0083975	11.23981696	14.0766489
11.0935676	11.19736959	14.17451794
11.0708722	11.34590175	13.99804132
11.056407	11.59009185	13.96993
11.0348339	11.801656	13.95847724
10.9464216	11.91514049	13.80802962
10.4716887	11.53096152	13.08286168
9.5396809	9.92899374	11.91728306
7.3534405	5.900610514	8.5845299
8.7036921	8.1778211	8.12537834
10.8901819	11.78248405	14.67948054
10.8853186	11.55975308	14.97933462
10.7562541	11.06679852	14.95955258
10.4218087	10.34008071	13.72838088
10.2625668	10.14762124	12.36289954
10.2168019	10.14849575	11.44199352
11.6547176	11.12666882	11.7522592
11.6457392	11.09296655	12.92044072
11.3041859	11.11509838	12.72262032
11.1493085	11.18331016	12.35248794
11.0978074	11.21876145	12.1479
11.0742391	11.17005797	12.14685884
11.0840904	11.05247001	12.32906184
11.077606	10.87306092	12.5617611
11.0478027	10.72425968	12.5773785
10.6638514	10.22962337	11.58202954
10.3125715	9.904642	10.93338686
9.925378	9.23402737	10.61323016
9.5168608	10.15179198	9.76989056
11.0456828	11.33803116	9.84068944
13.1183215	14.03697083	11.38629146
7.1950715	7.61288764	8.7198807
6.6596097	7.095769696	6.3356243
7.7711855	8.21892307	8.11132268
6.9048946	6.438743606	5.3361107
7.9778134	8.31922264	7.1164943
8.3565273	8.93622308	7.83177122
8.6256299	9.21297186	8.16442184
8.796843	9.24176342	8.191492
8.9525933	9.1491999	7.8765411
8.9792791	9.06894679	7.57356354
8.9847659	9.04082793	7.43821274
8.8873752	9.11361407	8.58088584
8.8530827	9.06215252	8.76413
8.8247758	8.96952173	8.76413
8.7186561	8.75149966	8.425753
8.6697737	8.70508336	8.23157666
8.6079225	8.66929572	8.0821702
8.5372176	8.60955996	7.99679508
8.4816014	8.61406705	8.07227918
7.6023417	7.468438769	7.7594106
5.8278607	5.623061221	5.53757516
5.9248773	5.776039928	5.47718788
7.15205	7.395975525	6.79425528
7.985046	8.42207847	7.76878104
8.1602495	8.46903293	8.56162438
8.1952902	8.49863173	8.85314918
8.2315779	8.60451471	9.12228904
8.2622541	8.74369634	9.41069036
8.2803356	8.75963933	9.61059308
8.3176209	8.55029509	9.99686344
8.3556544	8.2780534	10.2269598
8.3968054	8.1462042	10.37636626
8.4566614	8.12185246	10.60802436
8.4818508	8.25598884	10.74077226
8.5004311	8.66176148	10.92818106
8.4865894	9.05865448	11.03542054
8.432719	9.27708017	11.14890698
8.3832131	9.15585963	11.07394346
8.3941867	9.00147498	10.83187376
8.4918268	8.90595158	10.38001032
8.6419656	9.01028735	10.04059216
9.0032215	9.60313786	9.99738402
9.2052355	9.91217624	10.14731106
9.3944054	10.17836363	9.9692727
9.4425396	10.46897003	9.10302758
9.4725923	11.3112577	6.39757332
9.2468853	9.67841299	10.32587
8.9993558	9.50297283	10.11607626
8.6884787	9.17953867	9.58716698
8.1540145	8.33704919	8.52830726
8.1062544	8.28108055	8.451782
8.279338	8.59038801	8.56683018
8.8672985	9.40442228	8.60118846
9.3452736	9.95771803	8.20138302
9.6767262	10.11566799	7.65685634
9.8839776	9.75362085	7.27214772
9.6153738	9.95765076	9.25139288
8.5783686	8.53805195	8.99526752
7.9367871	7.79444937	8.69541344
7.3994548	7.241900317	8.22324738
7.1867166	6.978430635	7.63082734
7.0964338	6.808580612	6.87130112
7.0182469	6.740543734	6.5672824
6.6162141	6.316150758	6.525636
6.2702963	5.920616612	6.38820288
6.1226515	5.818971642	6.05086704
6.1780183	6.071920296	5.50998442
6.5793029	6.919811557	4.96806064
8.3588966	10.73919362	5.13672856
7.7347731	7.3934529	6.44078146
6.7839356	6.737173507	5.65262334
6.2487232	7.325422749	3.79311158
7.0571533	9.48649168	3.98104096
5.2955164	6.1812475	3.55833
6.3063346	7.382709881	3.22099416
7.5599437	8.10402591	4.22675472
8.376604	9.8178637	3.9019128
14.0510775	10.96004103	12.19162872
12.0344291	9.65668478	10.86154682
10.2992286	8.81385895	9.84901872
9.000104	8.23607692	9.18267632
7.867828	7.289608201	8.52258088
7.3444621	6.460418	7.79741294
7.1001748	6.212023525	7.27891526
6.6443963	6.14229817	5.95403916
6.477423	6.775759579	4.84520376
6.5321663	7.427511701	4.37616118
7.0627648	8.81897147	4.32774724
7.4581885	9.44411158	4.55576128
7.8430127	9.63051675	4.97222528
8.1405469	9.60448326	5.40222436
8.4792321	9.51871401	6.15758594
8.6843636	9.51501416	6.77187034
9.1832883	9.93524985	8.28571698
9.548784	10.63842316	8.99734984
9.7591529	11.39581609	8.8994808
9.8658961	11.74346745	8.63762906
9.897944	11.895834	8.27166132
9.8711335	11.895834	7.905173
9.4919208	11.26067066	7.17063462
9.3113552	10.95835928	6.98843162
8.8884975	9.99377475	7.04153078
8.7368623	9.54454569	7.31119122
8.6263781	9.2480868	7.5772076
8.0682209	8.370886	7.87445878
7.7735548	7.90988469	7.56731658
7.0853355	6.698002186	6.27679876
6.4865261	5.888427917	5.18670424
6.0818746	5.469019648	4.6177103
5.7238609	5.118334411	4.14242076
5.148121	4.715481289	3.4255821
5.0825288	5.235982914	2.83055916
6.1448481	7.469481454	2.98465084
8.8171691	9.06733231	4.91808496
8.4879611	8.43977048	4.42093106
7.7625812	7.6302433	3.41204702
10.8258367	9.82781966	2.81077712
9.8009274	9.84302268	3.27096984
8.7110494	9.25918635	2.55517234
7.7794157	7.300862472	1.96951984
7.1712538	6.923733398	3.506272
7.1325968	7.71042914	2.40680704
5.0954976	4.870713541	1.73838232
11.9278106	11.19030624	3.39590904
11.9379113	10.48195314	4.67185062
8.1729689	7.183005432	2.5275816
9.7231146	8.1751303	4.13305032
15.2806195	14.12220192	11.26759922
15.3256362	13.89859644	11.0468733
15.680283	14.87266604	7.0358044
];
